21.311857374400002
23.626406446399994
8.514827729299999
10.043147799
1.1797749105000002
7.198261243899999
11.739747526799999
5.539246845399999
5.015810241500001
24.63608606970001
19.6810075303
7.021486407499999
15.362450740099995
10.248155862400003
11.464411780999999
5.186286903000002
3.3013517303999995
6.671293291
14.475354661399994
23.9798993122
2.6444745049
11.4723545169
15.049349358799997
8.1360330184
25.193897112100004
14.155939587100002
5.8555264722
10.704904642000002
7.574396922
4.812465685899999
29.703044228400003
11.757578343200002
23.139848941199997
3.2104042774
11.534637856099996
9.308967195000001
7.2760792186
3.708393755800001
2.4087040759
16.993040347600004
14.499717744100002
2.5746347585000002
7.454594976999998
6.169154006099999
16.752682619099996
13.610373527000002
1.8803490020000009
6.021356088900001
4.1165560822
15.527486903100003
33.257801308299996
2.4567722659
6.3233574276999995
8.552565036100003
17.5957737002
4.5152674343
2.007302624
0.49150879999999986
5.913451792300002
1.1723359255
6.533715944099998
4.090917906800001
11.503791049099993
7.1485976455000015
13.6363100041
8.328073944599998
5.446715004700001
29.359229488500006
4.973217703199999
1.9279288034000002
12.513789129800003
16.004116943
8.668884183900001
5.128840013699998
7.888407577499999
16.4283017
11.596633717800003
5.584497790299999
13.438291834
4.7032615157999995
4.4325249023
7.407941016500003
9.639118076099997
6.5354788919999995
2.3938183226999996
7.748360232000001
0.9095241458
1.2316472892000003
8.367051242500002
10.448096478699998
16.4648489859
11.591129897299995
2.253819595800001
10.7944398804
9.4477767368
11.826809435099998
12.284257206399998
3.3305504238
4.005502928399999
7.650014223000002
4.5649443671000025
6.064433625099998
9.2122484552
13.919017742600001
7.552737016700002
3.0685435491999997
9.9709289083
9.747349799
19.386273984700008
10.978945572399997
5.374040271800001
4.469890657199996
4.675350643999999
4.9722625444999995
15.3600351509
4.1363276529
1.1679755646000003
19.135282283200002
9.821008452899997
9.5455371297
7.436716846899999
5.879441997100002
6.191776649200001
4.647422071299999
7.402432332800004
2.8868047610000005
7.986735058999998
14.338584448399997
23.5275422489
5.217667892699993
5.351753040300002
4.9475382684000015
8.572635303600002
10.855835062300004
36.06268070030001
15.712524589600003
3.5153936729000006
15.8508472665
7.111108391499999
39.125975940600014
7.9183788997999995
9.0552125416
24.5333102975
24.905935762299993
10.9901495422
13.470938754000004
5.066591102000002
4.9782577681000015
8.519758530699999
13.777465640000003
3.8929365900000015
5.408903861900002
7.240528877800003
4.625566807
11.2741157413
4.203022951700001
14.5348971398
8.449438541600006
4.2048208729
0.9936124804999995
11.557251700000002
4.0038832711
9.448695015200002
24.465429313299996
21.833871469099996
24.747493281599994
24.012729227200005
6.8254221756
14.187093744700004
2.8514239674999997
8.841325886499995
1.046764275
33.6655108074
16.751352579499997
19.147242218700004
3.706522361499999
2.458268299599999
40.2223864322
8.2941311749
15.987863070000003
1.4758528906
5.609090728299999
15.0035432451
0.9082853363999999
1.0030641308000006
16.754737986500004
6.1081821424000005
19.469147405600005
10.900835094900001
38.02693977199999
15.955979374600002
2.5916490896
4.971499819499999
6.2982158225000004
3.3915929725000002
7.029106658199997
25.259929785500006
5.4587845636
4.6728689355999995
2.6879313678
9.458420837600002
7.767562523299998
8.6595513929
3.7552907862000007
50.62936095760002
17.5923249596
7.8219617993
23.256171528100005
2.686139586599999
7.7957537374
8.274988116199996
11.853708617400004
8.9479425175
29.904628248699996
8.8954814307
8.3683653851
19.0842447533
11.100327463600001
10.324974481099998
8.459253282999999
3.499910637399999
3.0223061782
16.0977244417
3.8465635613000004
3.7138276165000006
17.50619470950001
3.999013762
7.0819596674000005
2.2599179684
6.301583796499998
15.176990713300004
5.875988138299999
3.0843433355
37.8873486674
35.13972006169998
3.795950256000001
4.171106859700001
3.2766613036000005
14.053227484599997
0.5762242208
9.256732825599999
1.6877629926000006
32.3455687925
2.699236492499998
34.2613109136
11.059545954199999
16.154126849399997
4.537859726899997
21.9041206755
7.233299790100001
9.637028332000003
10.2202391569
1.2219126962
27.76120709190001
3.727443606599999
8.9590716845
31.567105775499996
5.091822138500003
14.8087945092
19.459948287400003
18.20264569999999
20.347124241800007
13.462668030800002
14.2043533932
15.665919526500002
4.593279000499999
16.3533008836
8.208534366899999
11.304961147500002
20.912477032899996
12.373639878200002
2.754619724099999
10.920885729000004
18.8697227561
10.9459772382
2.0684588607999994
7.2558848408999985
14.502523407599998
7.878137445599998
43.18403770969999
7.102071640800002
25.97390058829999
1.0774612466000004
3.8834609902999997
7.9208558924000005
5.1186016773
2.4478045009
5.3830814947000025
4.200000000000001e-05
1.1939146176000002
2.9677609421999995
6.4742192027
16.724162889400002
14.522141673999995
7.163182240600001
7.4119319958
8.815405153899999
13.0356188755
2.434588161899999
35.899468128699986
31.638140165299994
4.939511627099998
3.7722939448
1.1340096573999994
3.156714856599999
2.3314991637999998
6.895431169099998
12.147653458400008
3.5675118000000006
12.7515267066
11.7912197995
4.2241391625
6.9958097817
26.431345060699996
10.873261891899999
0.9508077339
4.817871133699999
4.9862307733
3.960075979399999
2.5666346746999995
6.344423155800005
17.703463105600004
3.8016519104000013
7.983925565799999
10.464029910200004
7.421732593399997
17.78155306
23.100715491800006
6.6678295685
15.280366314999998
7.0925499611
21.220934193399998
0.17103078160000001
6.511961608400002
10.069885986600003
15.1424403581
3.1765861917
2.8852019752999993
8.352597912100007
22.625113301599995
10.077269340700001
23.0106609438
17.918830748199998
19.6192838437
11.2718380821
3.4227485886999998
45.5671917051
16.6411444241
37.405087212400005
8.210121684099999
19.2575150547
8.001483021499997
4.649452668100001
24.44250125359999
0.6636505163999998
13.263874811999996
72.8067363711
0.3289780281
5.9124879693
39.67422009759999
7.378517712799998
23.559150210800002
31.439877631399998
1.7161006680000002
23.926546535600004
2.7672093930999995
26.561545036199995
26.270912690799996
0.4941668001
25.139395842699994
5.3356112545
4.972415571899999
0.5940067914999998
6.8372188368
7.548049178200001
10.815023483799994
14.771865057300001
1.0742402026999995
5.481727633199999
4.608148628100002
12.256861707099997
0.9732261976999999
25.95565277100001
7.811705118900001
2.121675423100001
7.139790156700002
7.556274285099999
6.3031284239000005
32.280153024
27.0755382565
11.1457951205
20.7823791412
44.2518650665
18.43232070279999
19.049802475199996
7.9321431327999985
49.348366280800015
12.122221794099996
11.3840374747
29.324934622800004
35.69238011309999
69.9823975784
8.385055871599999
10.894635430000003
7.465689029600001
19.7804379127
7.5966772262
20.702153401300006
5.807477379000002
2.1068279902
24.0596911942
2.8640659694
13.677185290299999
15.459248849899998
10.939339541899999
36.0571418703
14.405534878799996
7.103091148500001
15.343039219900001
14.202203661599995
5.463281782499999
3.4573473384000013
92.7159544647
49.584291889899994
36.250956967700006
42.679735862499996
22.0529510314
25.30218559
21.95190185499999
12.726858484999998
10.903443234300003
13.0316514618
4.027748182700002
1.2007118305999998
4.769149916100001
9.769530991399996
78.50560052760001
14.518386836799994
1.4943159737999996
14.047225764100006
12.4642946439
6.8400584425
6.233867000700002
9.683528723700002
23.724495327799996
3.820778312499999
4.200000000000001e-05
9.8886479234
19.892135884500007
34.20493336129999
3.8922849507999993
5.597449012300001
5.3173715522
10.465453524700004
4.0792418996999995
5.3940530683
11.633217294800001
10.773705806799997
12.365995866299999
5.418653894100003
37.4418544463
26.9343169694
4.621764736100002
17.336128697200007
42.22220544390001
4.553667085299999
19.4481134272
35.7638448177
11.710390605000008
26.021359495299997
9.2925214155
12.197912865500001
9.926859930700003
59.716593873500024
7.658025595799999
13.877052475100001
13.4951434064
8.253108369699998
24.255900426100002
20.146819924000003
9.183697784
9.3944611974
16.370569982100005
125.69751193129999
3.988812058899998
22.15833805490001
16.915251766299995
3.2958609579000004
8.952161655099998
17.188207268899994
27.974325278500018
14.076213168900003
14.874802198600003
9.7126189177
24.086894867500007
15.829631309600003
12.4761878364
31.207639183099996
1.3932665273000004
16.3219268433
6.504252993799999
8.389954824999998
22.195331136499995
14.2637115871
12.557766485000002
6.533441385399997
9.252109152999997
14.6892951291
5.933796081900001
10.363750283800004
29.370485587600008
6.341702939699999
50.9063169555
17.4849947257
23.255628738999995
11.162639257800004
10.597792679900001
10.5717506167
14.395241448599997
14.665933996599998
28.360543781199993
4.140997349700001
12.239450622499996
1.4360451022
6.563970146299998
3.9300497719000003
27.107928420999993
34.39759287230001
23.312536021899994
0.35152518319999987
8.5529321849
14.434597668900002
2.276710513
54.317215747400006
25.861690451900007
19.392083157899993
19.184233549899997
2.9294593145
1.9529175557000003
30.733797975100003
19.01144211999999
17.140412123599997
27.0284957919
14.574096207499998
26.36241937890001
28.221763555700004
9.2189083277
52.14627725839999
6.2351018185000004
17.4564538319
4.872302085400002
42.0204846964
11.031117109100002
6.718189937299999
8.980945225499998
16.580298046299998
2.5207728171000015
6.136223673100003
11.263578292999995
3.2917365424000002
39.232828388
9.336395279300003
15.852058794100001
23.763175118899994
2.8931859820999994
0.39777560559999986
33.03278398730001
45.748189130099995
60.6285487062
19.181057060500006
8.802076637399994
18.528300043900003
17.067135688899988
16.811850107599994
6.024499669599998
6.991615502
1.9887089612
16.486512352600002
9.574937908
3.6739119266
1.3332572097000004
10.6032233524
7.006548345300001
8.708076638700001
2.4539364568999993
30.789911344500002
17.152822908999998
4.7610405411
38.09423654280001
24.791222431700007
8.209930863400002
7.1375888283999975
0.6647676876
11.4744330141
49.67843360750002
7.084952104600001
13.104772896900002
26.827740906900004
65.6263158009
24.992950170200007
11.7754759604
8.044002363
17.8390338032
16.773013391799996
34.0767711898
23.048712263600002
22.381911106999997
7.2393161699999995
3.1084229643999994
11.190947700199999
36.2454922583
8.963213362899998
20.3380455306
3.377288876599999
11.063398197899996
22.413933692800015
25.515585167999998
0.7410414188999999
4.6300329182
23.2758124196
5.6336918139
16.8903204586
26.666598078800007
51.9059810357
15.335069438500001
14.8291770082
13.892961729700001
21.847643618799996
18.75465413820001
16.837938935799997
20.30018879
5.7027941374
5.707812718699998
18.732719690100005
4.560665163700001
11.399682990700002
8.7324371348
7.1306889171000005
7.4142501641999985
9.9703199599
2.887237382099998
24.1199987024
11.677250619499999
19.541147809299993
0.22744844649999998
21.657168438600007
7.9913704561999985
31.559689674200005
33.5348502451
4.392500239399999
5.455410196499998
10.426078308399997
8.357601725299997
52.36226718990001
3.6995631043
20.1110911377
18.783921905
22.732852010000006
11.7619174341
6.3364175533
7.704611720800001
7.1202909015
5.611158636900002
30.1384408683
4.338469127500001
5.2450937521
31.585009695799997
2.342383083299999
12.154533051799996
6.191240394800001
5.264913292699998
2.9705156544999998
17.113526821099995
16.192661137000005
25.387777223299995
20.492599482300008
6.693049961600002
9.802195613899999
3.4420456596999993
5.179229760400002
555.394955834
7.180553776
21.8672981607
18.0040180263
5.2943025709999985
25.635797917400005
10.9137741747
5.8339192363000025
4.200000000000001e-05
53.88883271750001
14.582935802500005
35.849029122599994
20.193605070700002
21.9874811714
18.0348171119
44.9883984823
13.994212997900002
40.36957333110001
23.08397901149999
29.582435047599997
15.631209976199997
10.100331192499999
12.3757192184
23.667697713999996
19.9526950832
38.519189908400016
65.7199682059
32.22158541920001
6.085535084400001
35.76557759409998
11.393898501799997
14.755011720499999
4.956658950500001
7.1755501186
30.661943412499994
26.81785443719999
14.743165213700001
16.2071995706
9.304206156299998
20.111709063700005
34.3221108602
17.079297201400006
9.071470633799997
26.169974346000004
38.80630004029999
2.0286314743000005
19.5967078061
19.042663349900003
6.2915825905
9.654144114899994
23.966143457900003
68.88316583350002
41.8784204389
34.2106287169
36.3833589848
5.486134524499999
20.303961350000005
13.4294926413
4.804796940400001
54.64341589909998
16.232916897900004
4.960947953600001
35.6732563692
0.6560232491999998
12.634216336600002
9.5257105905
12.237218909900001
4.234793694499999
26.632497103500004
9.152464833600003
1.3695662693000001
29.90087795149999
43.15191637080001
13.442399595800005
2.6519045230000007
12.974447973000002
26.756106736
0.8412075917000001
8.241417895100001
16.6795245235
8.153917199199999
28.508563346899997
27.834570884099996
33.322540536
11.9808670976
8.261161400200002
5.869314874599998
6.889217167
14.213674928400003
22.088096947799997
2.4080771282999986
11.7134428464
28.821214107600007
4.046631107700001
30.2682533639
3.9775053891000005
38.54138372489999
4.8283955777999985
7.281697052599998
28.90094624089999
12.382917383999997
8.080598300100002
25.402205219299997
7.405524202000001
14.3878827144
21.507860067900005
4.025653576500001
24.93323948579999
7.357631126099999
8.437020033600001
44.230095661
14.8469749662
2.632900632699999
8.0150267964
12.039011867400003
76.98685193759998
5.0318803737
79.84573977270001
19.4327894025
48.44086865769999
15.605726756799996
19.1375867484
16.303575701599996
0.4263791719000001
13.293644377900003
14.713364277199997
54.69410915120001
14.464776076499998
11.673832857899997
11.097453952700002
15.431912260800003
10.015823825999997
35.3532678883
2.1649322153999995
44.827832695500014
15.262279572799999
15.583951058499997
26.109725919199995
6.2295857088
28.87474580520001
3.182953470999999
13.791145896899998
10.6570304412
2.413855335599999
3.1043159476
15.450017280900001
5.600995648099999
25.674251408399996
28.9838162507
4.2165932829
16.080665616399997
2.5345904044000003
7.527034346
36.31147254100001
3.797654940000001
4.036382443099999
23.612223526000005
18.2155973855
5.9835425447
10.135461953300004
23.0811074473
47.30145791740002
12.554796218300002
2.0617758464000002
22.447736695899998
4.4333065773000015
20.845404252699993
5.216439635899998
15.921688871899988
8.805737380299998
10.7496744248
52.93518063539999
7.5996167882000005
8.3562436625
1.3100674159000003
13.646343855200005
16.823524306899994
20.8753865358
2.8659714795
2.5468467841999995
3.577233442999999
7.440391202799998
32.08275188129999
32.655898848899994
16.370708092200005
7.859761850699998
23.40960929429999
8.152468731499999
13.764450354500003
11.927534758200006
14.401063073400003
28.65597711599998
7.8802243793999995
31.464113288900002
9.398812713399996
32.956904015099994
40.60765918899999
0.9157491278999996
21.01477949449999
14.499870939800003
1.1387440764999996
17.471028414
42.303687811900005
4.083482932800001
1.6791035497999989
4.589432821900001
15.997760924199998
22.922304200099997
12.644671895399998
13.6124864702
21.113061534899998
0.6108212657000001
24.0801567797
17.7536894653
15.8707333679
6.6408337666
7.422526217600001
2.8517225832999964
6.449291723700003
18.6288573746
26.3915260339
6.024880750800001
11.796586370600002
14.6407637218
19.29860016339999
3.5849903303999997
8.6635211825
16.519236937499993
7.572964873199999
7.5332163153
19.1622509971
11.712493836599998
22.535420982799995
3.5552864633
6.7155286964
29.0107365194
10.334514156400001
4.143103296699997
14.3068875459
7.077062071500002
13.395410183500005
23.854454631599996
7.989901246799999
35.3772514809
7.343946421100002
14.075945959999997
191.54583967999997
38.922784447900014
10.524063247299997
2.5807807620000003
19.271687453899997
57.807498885
11.737519202200001
15.074641720100002
1.6926635152
2.7121614061999995
19.004658445600015
39.06656090769999
14.3728831559
3.0594759165
10.5455265725
3.893738325799999
47.5489707729
13.3650138174
14.064827554199997
27.6109373473
6.5901820668
13.263226816700001
28.463893330000005
45.4057537352
27.427923486500003
39.653564659900006
1.2259185904999996
16.911234294399996
15.429795078300002
11.115058478600002
8.850930543399999
13.042594798599996
5.1471448311999985
25.309007540000003
7.1892387011
2.4827138
5.6119629332
26.360152324
52.40333583840003
15.048038299500005
17.938851597400003
10.138317134300001
6.675416919
4.539440449100001
1.8265645625999996
26.775973822900006
29.557344866800012
11.892357679399998
13.984947527200003
26.098229950700006
16.3394398015
0.6184298480000002
21.8843187571
34.3300698483
21.174531216900004
18.393856186100006
5.141351392899999
16.4425464148
24.1872642553
10.1665576182
19.244794820199996
2.399802395499999
4.192982096499999
0.5800315834999998
6.943431426199998
11.138065182200002
28.4555968802
25.36919283069999
2.9564670972
25.542410897400003
6.8919257827000004
26.893622930899994
19.799393476900004
19.727500403
19.557023488900008
2.5723870266000004
4.910614328000003
12.918566013699998
27.077677254799998
3.0287008393000003
4.3325548954999995
4.355027547700001
15.5826855883
32.785164159699995
21.61692780809999
15.661449234800003
20.278098963999994
36.244898340000006
8.711648296499996
33.5035953009
6.088128030800001
5.175404599800001
17.463346960799996
28.117131678800007
30.647297691900004
6.434868666300002
3.3043394622000006
22.4409220257
5.824082389000001
37.7551718494
2.1835164574
18.1178195695
2.526455209500001
6.090993532399998
19.463690225999997
20.731293351600005
12.241729084599998
17.895285990199998
16.601618335199998
7.255594251900001
4.9800945363
12.3291734352
12.029319706599999
20.3125217959
7.977921082000003
37.857593947100014
18.608265054
13.268935187500002
2.916380734000001
4.8531848613
16.0929691267
20.191595790499996
4.092592260700001
9.3079798961
10.655469335700001
4.6577583288
12.950499780499998
24.33595055430001
20.417814725400003
14.932405624
69.91837045280003
29.63597524070001
3.5281053506999998
11.065391925399998
15.621838011200001
12.623223944200003
4.333043201000001
3.789976273300002
9.296859710299998
13.7382950425
2.6517293015999996
4.637274769300002
13.0989478497
32.7470340793
31.543764083000006
17.256743418200003
31.429507963300004
7.168822202599999
6.585252969600001
28.486609444300004
40.971735728499986
8.124175050199998
18.438727510400003
22.727812184599998
4.926180151700001
19.625901474900008
18.346970481499994
14.281407617600003
15.4422605858
20.297791988700006
25.083124813299996
6.6359412515
14.863251553300001
27.019432586500002
4.337254689600002
20.581538191799996
3.8513348896
21.9986909925
16.006013274500003
3.0511890910000004
7.7890875644
26.3810523228
27.529233494299998
6.777138666
19.312290322699997
9.613517668599998
41.96727556170001
17.917999353099997
12.196336987899999
28.766826537700002
18.192329386800008
6.9837275255
2.0920112388
6.068304189000001
3.560838475399998
4.743914213100001
26.266664904299994
3.503293360699999
21.407286565200003
12.109844644300008
9.435001834399996
11.4766542915
16.132704613
89.69554283799998
11.031804523
20.873327498199995
18.8878436612
36.61792831449999
13.467717863799995
1.8467457743000004
2.6798833350000004
8.987151031499995
39.604038949499994
41.63263393470001
26.843368768199984
17.1493697545
15.5283729134
1.3128502889000004
6.512413597900001
12.656323610099996
8.925411528800002
61.1264874359
14.264003873300002
25.621000220099994
17.625430837800003
18.402230341600003
14.253729319199998
21.569041493200004
1.7945209503
17.2847558422
6.118600362599999
11.577445704699997
36.307262246200004
16.758851064299996
13.408600071300002
11.447563007900003
33.177819866099995
15.699031428800001
27.12609430639999
7.037397877300001
8.107830722600001
6.924771365399998
2.9560464636
27.506292422999998
24.297790498999998
3.8252391439
27.8949813958
14.770437401300002
10.2284882191
24.3007590176
9.573742930900002
9.939369064500003
5.847142356000002
321.81556197019984
41.05570938869999
14.183539073599997
22.706853396799993
21.560095812
9.254586544499999
15.952967101399997
40.387414992900005
10.9495094352
31.056646028099998
7.351646258400001
39.07577852240001
24.761204473799992
21.682307900600005
30.6140627319
11.5833878805
11.924748889899998
9.4736515275
4.7016673653000005
27.415468397700003
3.8516551552999996
13.600253894200005
9.882159649199998
4.678853035700001
48.79651063920002
14.5239315147
29.639494406500006
11.2798749985
1.9362204643999998
17.935609553099997
2.8342728869000005
17.774676538399994
7.446776387099999
15.933871904000004
10.8703077314
44.50899208929998
17.629186210700002
15.233751654300002
12.472526199400004
20.6123326411
7.480591673999998
7.137107435199998
28.3278873096
12.288553149999998
17.408526274000003
6.7080706758
16.329402853999994
15.356049032500003
13.373310578599996
25.032204334600006
57.9115201214
28.393611741400004
10.106654595599998
31.111277349499996
4.027159230400001
51.43217726640001
27.344559686199997
13.7239730374
9.904610671099999
10.605862077100001
26.194721173100007
10.507036901200001
4.796601079000004
12.818693601799998
5.145182747200002
14.567686940399996
6.675544621199998
3.1158072986999996
17.348471252399996
6.752780892000001
4.186001199299998
7.183013858999999
4.8782291511999984
34.37921828399999
3.3408069638000004
2.493973922499999
22.594539243200003
19.661525226300004
21.1421424456
24.6560549791
10.045519428
19.782600290199998
11.7907687807
43.48070196489998
23.182446325699992
35.502598651
11.0043018134
39.29580146129997
8.509350663699996
10.188904381
9.1338490909
4.9941348117999995
0.5425522046
7.495756118299998
1.8181074036000004
13.0531637653
26.153373323800007
0.3976894085
19.3743453638
6.6826714546999995
16.7042303191
4.5763028172
11.9664379709
1.6902673850000003
18.494453542599995
12.470835619599994
44.29704198599999
17.772838847500005
27.4775867608
13.319193938400003
13.800830028999998
5.595333199200001
23.8719382496
17.534661789200005
20.547698894499998
36.83219520789997
21.2665943644
5.387226943699999
1.4809042516
15.812575206999997
7.934315943300001
9.190224542899998
19.79814858049999
16.964827997399993
8.098053244299999
6.264127631399998
9.2124948497
5.0889027787
27.391788652200002
44.95660412499999
3.8070110873000003
8.4328520024
8.833116975800003
32.30924334109999
10.625566383899999
28.330286769400004
21.7434266313
20.641003819700003
18.804775559699998
2.6979680940999993
27.1026056725
23.538264849800008
8.1152451252
7.356307319400003
5.251643170000001
23.485051616400003
6.278384177099998
28.823967804400002
27.947948739499996
33.05861579070002
13.518529974699996
12.250972019099999
17.241616967100004
3.6661460375
32.576253185
19.61362692
8.681414305399999
20.193780642800004
