627.0
418.0
534.0
683.0
1524.0
1105.0
591.0
517.0
677.0
1818.0
1772.0
543.0
175.0
450.0
936.0
649.0
837.0
838.0
522.0
362.0
1109.0
714.0
817.0
1298.0
1522.0
170.0
153.0
566.0
509.0
473.0
494.0
748.0
254.0
2760.0
346.0
271.0
435.0
1941.0
1919.0
467.0
429.0
574.0
606.0
292.0
788.0
257.0
636.0
1057.0
956.0
650.0
550.0
464.0
444.0
365.0
795.0
353.0
443.0
215.0
394.0
268.0
263.0
388.0
689.0
716.0
692.0
446.0
603.0
549.0
710.0
912.0
720.0
415.0
429.0
1344.0
470.0
475.0
413.0
784.0
871.0
665.0
565.0
804.0
330.0
362.0
628.0
1015.0
218.0
601.0
678.0
302.0
306.0
579.0
485.0
755.0
517.0
657.0
564.0
559.0
446.0
1272.0
563.0
569.0
768.0
340.0
347.0
692.0
423.0
471.0
374.0
232.0
673.0
269.0
444.0
488.0
386.0
525.0
172.0
449.0
640.0
638.0
433.0
325.0
329.0
333.0
320.0
638.0
949.0
290.0
251.0
259.0
613.0
297.0
479.0
487.0
389.0
453.0
989.0
584.0
608.0
153.0
379.0
210.0
442.0
206.0
774.0
883.0
212.0
519.0
284.0
615.0
336.0
433.0
412.0
446.0
575.0
385.0
419.0
470.0
550.0
535.0
328.0
1026.0
419.0
2263.0
1380.0
165.0
1280.0
562.0
550.0
336.0
298.0
274.0
830.0
370.0
854.0
355.0
164.0
280.0
714.0
266.0
608.0
229.0
638.0
1168.0
191.0
122.0
187.0
212.0
521.0
186.0
603.0
692.0
428.0
323.0
316.0
256.0
787.0
695.0
1224.0
660.0
297.0
558.0
802.0
790.0
772.0
741.0
715.0
431.0
502.0
265.0
288.0
1071.0
414.0
1301.0
427.0
105.0
443.0
307.0
333.0
480.0
637.0
343.0
871.0
765.0
131.0
325.0
535.0
256.0
891.0
288.0
663.0
436.0
136.0
1010.0
389.0
296.0
402.0
241.0
372.0
1355.0
369.0
1071.0
409.0
271.0
457.0
1031.0
280.0
920.0
1114.0
589.0
633.0
620.0
815.0
687.0
243.0
462.0
537.0
295.0
601.0
492.0
630.0
302.0
583.0
394.0
269.0
353.0
379.0
627.0
1469.0
402.0
776.0
425.0
731.0
408.0
899.0
907.0
539.0
571.0
245.0
199.0
984.0
157.0
448.0
433.0
126.0
163.0
207.0
604.0
359.0
360.0
366.0
555.0
872.0
826.0
1029.0
931.0
505.0
222.0
300.0
343.0
318.0
1073.0
971.0
277.0
273.0
410.0
638.0
388.0
366.0
438.0
357.0
386.0
1734.0
1095.0
206.0
263.0
409.0
523.0
394.0
945.0
420.0
1037.0
560.0
330.0
355.0
922.0
273.0
245.0
1183.0
354.0
378.0
224.0
209.0
619.0
372.0
731.0
375.0
553.0
481.0
328.0
208.0
811.0
423.0
693.0
272.0
513.0
622.0
356.0
324.0
355.0
870.0
499.0
262.0
815.0
160.0
598.0
387.0
396.0
581.0
437.0
488.0
538.0
515.0
448.0
522.0
180.0
193.0
295.0
613.0
233.0
367.0
669.0
620.0
334.0
359.0
608.0
314.0
431.0
296.0
407.0
308.0
240.0
324.0
1620.0
277.0
878.0
938.0
176.0
632.0
449.0
313.0
201.0
327.0
581.0
375.0
576.0
416.0
722.0
108.0
111.0
713.0
131.0
640.0
367.0
367.0
372.0
456.0
493.0
354.0
260.0
576.0
215.0
176.0
563.0
255.0
655.0
410.0
84.0
315.0
1201.0
831.0
207.0
71.0
164.0
130.0
288.0
300.0
693.0
560.0
394.0
331.0
473.0
362.0
336.0
654.0
303.0
166.0
338.0
272.0
907.0
599.0
162.0
288.0
518.0
803.0
484.0
125.0
194.0
184.0
521.0
357.0
612.0
255.0
768.0
189.0
470.0
484.0
1107.0
479.0
390.0
324.0
336.0
580.0
686.0
505.0
640.0
409.0
637.0
367.0
227.0
214.0
302.0
370.0
1035.0
538.0
1261.0
314.0
279.0
626.0
159.0
441.0
265.0
710.0
210.0
387.0
411.0
450.0
277.0
420.0
703.0
413.0
302.0
238.0
557.0
236.0
132.0
443.0
696.0
376.0
395.0
354.0
324.0
612.0
1498.0
324.0
350.0
769.0
239.0
430.0
402.0
3031.0
428.0
798.0
312.0
430.0
506.0
292.0
589.0
388.0
384.0
732.0
322.0
248.0
313.0
579.0
254.0
466.0
222.0
582.0
258.0
525.0
420.0
247.0
153.0
400.0
588.0
337.0
1055.0
545.0
343.0
214.0
949.0
179.0
445.0
333.0
379.0
985.0
264.0
336.0
725.0
344.0
645.0
259.0
533.0
305.0
120.0
267.0
665.0
1029.0
359.0
227.0
502.0
468.0
249.0
417.0
142.0
286.0
678.0
702.0
902.0
2207.0
696.0
182.0
846.0
803.0
486.0
683.0
556.0
303.0
428.0
1084.0
453.0
394.0
330.0
237.0
887.0
151.0
419.0
375.0
494.0
523.0
684.0
541.0
421.0
1464.0
882.0
153.0
555.0
903.0
470.0
207.0
243.0
477.0
721.0
1228.0
652.0
605.0
136.0
344.0
354.0
173.0
480.0
182.0
271.0
395.0
345.0
406.0
181.0
428.0
880.0
403.0
312.0
417.0
271.0
226.0
160.0
991.0
231.0
448.0
386.0
331.0
199.0
312.0
875.0
154.0
317.0
564.0
221.0
248.0
521.0
523.0
349.0
729.0
1249.0
1217.0
546.0
315.0
1041.0
226.0
1241.0
555.0
413.0
247.0
1438.0
409.0
261.0
201.0
344.0
237.0
639.0
418.0
487.0
572.0
791.0
518.0
393.0
263.0
239.0
333.0
512.0
580.0
260.0
407.0
520.0
394.0
476.0
602.0
603.0
525.0
109.0
279.0
527.0
137.0
363.0
623.0
187.0
427.0
848.0
119.0
460.0
530.0
340.0
559.0
212.0
488.0
770.0
794.0
293.0
261.0
413.0
724.0
634.0
240.0
403.0
354.0
528.0
799.0
379.0
271.0
288.0
132.0
264.0
313.0
508.0
110.0
353.0
199.0
100.0
413.0
368.0
707.0
187.0
309.0
547.0
740.0
249.0
382.0
474.0
389.0
1586.0
1167.0
150.0
903.0
1413.0
231.0
518.0
460.0
347.0
2735.0
1087.0
1538.0
445.0
872.0
354.0
286.0
421.0
521.0
931.0
351.0
343.0
412.0
104.0
386.0
431.0
362.0
542.0
646.0
396.0
357.0
790.0
543.0
383.0
381.0
506.0
447.0
216.0
256.0
455.0
408.0
262.0
786.0
226.0
147.0
783.0
677.0
432.0
158.0
157.0
147.0
364.0
304.0
641.0
332.0
987.0
803.0
214.0
213.0
279.0
386.0
214.0
162.0
453.0
611.0
723.0
474.0
856.0
143.0
407.0
186.0
481.0
131.0
1081.0
667.0
309.0
346.0
895.0
185.0
305.0
377.0
550.0
680.0
367.0
212.0
436.0
862.0
386.0
392.0
492.0
125.0
412.0
352.0
733.0
581.0
230.0
693.0
163.0
670.0
699.0
2022.0
76.0
308.0
205.0
671.0
330.0
575.0
442.0
569.0
507.0
516.0
325.0
289.0
649.0
384.0
262.0
427.0
488.0
606.0
367.0
378.0
790.0
393.0
192.0
852.0
106.0
250.0
207.0
275.0
242.0
537.0
466.0
292.0
308.0
391.0
351.0
352.0
181.0
877.0
415.0
656.0
492.0
310.0
234.0
938.0
193.0
488.0
202.0
2463.0
615.0
778.0
222.0
227.0
198.0
659.0
1760.0
436.0
540.0
482.0
487.0
168.0
318.0
740.0
145.0
285.0
457.0
180.0
760.0
828.0
189.0
712.0
356.0
393.0
185.0
397.0
678.0
639.0
935.0
551.0
1473.0
158.0
425.0
1546.0
282.0
117.0
176.0
247.0
180.0
254.0
832.0
724.0
337.0
238.0
488.0
363.0
453.0
196.0
448.0
274.0
391.0
847.0
233.0
987.0
925.0
431.0
360.0
281.0
408.0
444.0
465.0
142.0
2026.0
466.0
377.0
387.0
250.0
342.0
571.0
468.0
642.0
205.0
661.0
1267.0
229.0
442.0
202.0
504.0
268.0
431.0
510.0
377.0
745.0
366.0
279.0
786.0
277.0
1053.0
283.0
465.0
412.0
825.0
297.0
330.0
446.0
473.0
434.0
446.0
312.0
1194.0
180.0
360.0
1348.0
384.0
194.0
406.0
547.0
811.0
557.0
469.0
473.0
963.0
262.0
118.0
388.0
359.0
447.0
691.0
395.0
2310.0
229.0
406.0
866.0
630.0
352.0
461.0
389.0
134.0
663.0
889.0
212.0
164.0
568.0
306.0
176.0
440.0
94.0
742.0
483.0
1033.0
258.0
443.0
323.0
898.0
1182.0
991.0
477.0
627.0
619.0
342.0
79.0
524.0
314.0
435.0
453.0
738.0
658.0
201.0
453.0
537.0
1068.0
265.0
379.0
461.0
159.0
432.0
1267.0
625.0
472.0
607.0
691.0
811.0
233.0
448.0
462.0
126.0
246.0
356.0
819.0
303.0
404.0
1140.0
268.0
877.0
518.0
964.0
601.0
425.0
949.0
619.0
262.0
575.0
282.0
1282.0
362.0
715.0
349.0
272.0
264.0
409.0
620.0
336.0
477.0
432.0
256.0
651.0
579.0
289.0
1113.0
203.0
354.0
504.0
168.0
544.0
149.0
540.0
255.0
531.0
215.0
428.0
405.0
672.0
336.0
259.0
476.0
374.0
488.0
1222.0
213.0
697.0
233.0
468.0
162.0
242.0
308.0
429.0
145.0
358.0
361.0
405.0
821.0
1131.0
431.0
596.0
427.0
391.0
531.0
566.0
597.0
1232.0
341.0
608.0
245.0
211.0
277.0
343.0
454.0
364.0
813.0
604.0
1225.0
532.0
1476.0
973.0
761.0
277.0
681.0
1205.0
123.0
425.0
495.0
550.0
155.0
160.0
359.0
158.0
813.0
284.0
267.0
618.0
526.0
1201.0
545.0
730.0
372.0
694.0
363.0
496.0
192.0
717.0
534.0
258.0
279.0
556.0
748.0
326.0
1309.0
351.0
204.0
876.0
1144.0
290.0
211.0
740.0
715.0
219.0
857.0
175.0
181.0
1406.0
300.0
134.0
429.0
594.0
428.0
312.0
567.0
436.0
380.0
459.0
358.0
372.0
445.0
132.0
349.0
618.0
111.0
927.0
802.0
713.0
418.0
290.0
525.0
277.0
265.0
399.0
298.0
171.0
845.0
399.0
161.0
647.0
234.0
873.0
450.0
300.0
424.0
422.0
1210.0
484.0
203.0
953.0
235.0
197.0
213.0
744.0
403.0
166.0
760.0
464.0
414.0
205.0
303.0
924.0
108.0
268.0
696.0
146.0
321.0
454.0
171.0
493.0
652.0
986.0
406.0
318.0
466.0
272.0
277.0
568.0
481.0
351.0
323.0
579.0
116.0
1504.0
292.0
145.0
128.0
428.0
594.0
951.0
885.0
462.0
442.0
618.0
264.0
232.0
332.0
276.0
681.0
162.0
217.0
303.0
560.0
818.0
796.0
832.0
777.0
2426.0
355.0
263.0
485.0
898.0
368.0
1003.0
167.0
743.0
230.0
791.0
171.0
210.0
535.0
356.0
293.0
248.0
429.0
302.0
194.0
386.0
181.0
301.0
217.0
303.0
253.0
310.0
557.0
196.0
193.0
418.0
174.0
156.0
151.0
1847.0
432.0
839.0
1465.0
493.0
494.0
354.0
