21.29493584359999
11.4032320718
13.849522030599998
3.420061058300001
12.350051234700002
5.594079085699998
5.126901003599999
15.5282898508
10.935221573499998
11.894233607599997
6.8887680834
12.599296842299998
17.5707009237
2.9270296581000017
15.5591985494
8.232354752899996
8.350599761599998
8.505943626499999
4.8818164897
29.999457143700003
3.9466849983000003
12.3340205658
7.3360281164
3.7763304144000007
2.6053968405
26.839166046399995
3.1899678466
16.9355053905
13.657669221899997
1.9253669954
16.248263382100003
9.365503872600003
4.7768753901
6.3345086411999985
3.3577637116999997
0.5054847320000002
5.8949798502999995
45.27148305840001
9.213752147800001
7.947539577000003
18.635180650299997
25.753448361
29.601685843699997
6.93530591
10.535025066100001
13.923204051299999
5.815445337099999
8.1080847351
19.8254739657
12.326443282300001
5.2437999595
5.7276042229
8.359317792699999
10.0818417498
12.633422894300004
38.06757722960001
11.397193144099996
2.2537721387999996
12.894235893900001
20.609957474299996
11.698352181899999
314.3327193836001
6.0759278864
8.9359534558
15.583757166299998
58.54473397199999
16.311307308800004
45.999463973599994
15.5788637947
54.95143953279998
1.1593077378000003
20.382963224900003
9.665111707000005
9.561537997800004
5.673944958799999
6.1503802259
4.6847018467
7.3806402923
11.426550090500003
8.0353110886
14.282980640700004
23.808696696499997
14.8696132543
4.9944509142000015
11.229569224899997
20.3120714893
3.5529414205000003
16.9143540027
7.1185201395
38.817143129600005
26.000589247999997
6.3338045899
16.210521029
5.3140012349
13.074139067699997
4.702705855000002
12.646264931099996
1.1102074872999994
14.8042986875
4.0115299021999995
12.460236790500002
27.7884450576
25.410316327200007
24.603285237499996
21.869628883900003
3.7709266223999975
22.121687324099994
37.7489016128
51.2061127247
15.231961159399997
1.6520046970999998
28.548045911100008
16.612203168700002
27.962037140400003
31.901427226700008
17.787634583000003
5.014833155799998
6.123965901399998
26.134786783400003
5.1805682258
6.375865060400001
7.888207630499999
8.842539039399998
4.219010141100001
51.53315290220001
17.973744530599994
7.871082487600001
25.2031939234
8.8998853604
14.553761968999995
41.33566491170001
20.5570499847
24.056572836200004
11.127972082999998
16.5099585722
3.5391141595999986
428.8397520181
4.0090261817
33.24094994589999
5.137803896800002
16.6786802792
33.20308670679999
9.4531468447
5.322968199800002
14.207319755300002
12.527075523899999
3.5195493335000005
36.6000967256
11.115972620299999
5.722838850700001
21.939241705399997
7.1904399333
23.267931226000005
29.10294595589999
16.831287924499996
32.604131320200004
18.9618129376
21.5597715463
20.8688880696
17.9110353339
19.357022141699986
18.86494883410001
16.232500795900002
8.1982114147
12.1478881211
21.408170994099997
3.7213550802
14.3426450377
18.928679264700005
4.284619480700002
8.1267560937
15.733299902700002
64.8785157447
7.101895118299999
28.3932047024
14.057707598999997
6.0222106639
4.200000000000001e-05
3.362656815899999
20.152584725000004
17.440000591300002
15.220381206499999
9.071309054100002
42.3610343557
37.0818227527
9.698909138199998
5.751676340599999
1.1340088906999997
3.136208318
8.216091096700005
8.485667397499997
12.521528352100002
15.2002000203
12.618263646200003
4.468293845900001
7.4574615261999995
27.137967080799996
4.043840604300001
8.0390311453
19.019855937699997
5.681692593500003
14.647177993200001
10.9184644811
17.773706631299998
6.680335251599998
23.334287034999996
7.086846591100001
7.953639621699998
14.752197465899997
3.1763921122000003
7.128303391799999
11.576814726
25.326649592399995
10.077570902699998
23.50965614859999
47.275587755000004
22.4759992533
49.322344314700004
43.72074631700001
8.1678300375
8.0331900916
4.997665861800002
24.522856372800007
15.187396239599998
13.196922569099996
5.966772944800001
6.234098313299997
31.432655107699997
24.346724101699994
5.477553433400002
35.77444742070001
26.1508951774
30.237017488999996
5.045204561699999
0.7142698742000003
9.344490762
16.180726963799998
7.327586452500003
12.385927602399995
0.8013316865000002
12.917539490900001
7.699773968499998
33.068946504
27.71645691679999
20.9040579829
25.722083579299994
19.135337699600008
8.027273285800002
53.79833788349999
19.368719512400002
41.0238644216
64.87605468519999
10.506395210999997
23.6325711328
20.709985838500003
2.1068316142000008
3.251499459599999
12.975389583200004
37.758734634899994
7.845392356499997
15.6646838596
3.1804275505999993
44.25051923610001
35.306456564300014
25.578968762900004
37.624351963200006
17.126748709000005
10.2310441865
4.182417763200002
1.3241176341
13.623216626400001
613.4928802101001
15.168998952999997
11.539520671200004
24.84488492929999
9.8886105457
20.034650910099998
5.943689652099998
16.917125610000003
5.651340452599999
10.032598908899997
4.3059714803
15.761120276899998
16.864653583199992
6.521628744000002
54.22836962970002
27.560881632100017
48.84673126429999
6.458942723300001
23.1731035275
52.89738221500001
10.443141555
13.653625096600003
12.2539047531
60.96516254960002
13.594213043000003
21.357446848800002
8.417146868899998
23.928343343200005
22.547886293699992
16.558481473900006
144.61275729980005
5.073752883800002
39.079705880400006
10.959494646100003
17.580603631699997
23.6989981037
32.3140761642
9.776791422200002
15.400031011900003
32.254669716200006
8.249673184399999
21.230645896200006
84.74066788899998
11.433251224799996
29.981699979000002
5.9230499938
30.0845601044
51.260354031599995
10.833905604699998
12.810640067200001
8.169835923499999
12.619564120400005
7.274105308099999
46.9001316659
12.246359133800002
10.677155548499996
2.2669123935999997
57.945645133499994
32.04516893120001
18.920007465000005
21.375325869500006
4.802725147399999
2.0806943846999992
41.56863314539999
27.070303141199993
14.778518981800001
9.617795674999998
52.50419116539998
18.170323881300003
4.9259173374
45.898959366699984
13.896345419500005
6.808488695
17.901254818099996
61.83240601490001
6.0397458556000005
12.0129129247
3.653995278
13.644453744399998
1.3618342481999997
38.88865978690002
60.33584952900001
18.627826211
19.389930392199997
10.543277976199999
2.2474885432999994
17.061059620300004
10.192836510999998
10.5692417752
7.260520777900001
8.6922210342
17.1306203464
5.4345970367000005
43.604337207299984
8.960625980899998
49.7359297939
12.919056388900007
67.9287604006
40.44982033160001
12.786152307999998
27.296429130999996
18.866196774000006
36.3046125646
23.262982355999995
7.383792391200002
26.767067686499995
7.7622002614999985
14.398547889400001
23.852857648799997
0.6504617288999998
25.988300953400003
18.936028286700008
46.0597204536
51.72902066339999
15.4032884734
21.0276771802
23.294243723499996
18.2770703335
8.277504677299998
19.795114880600003
17.59463663989999
35.736524705799994
19.173824792499996
73.507158096
4.9461920088
11.753365485999998
20.127200807800005
0.23306770590000003
40.4053696709
8.089005745700002
31.650082431499996
33.772382106100004
4.8991842589
9.4646054008
10.548949780400003
55.54577914639997
23.491728701699998
11.720406459399998
12.344501093700003
7.788493872599999
10.9119841887
13.371243447099996
30.79007661679999
8.3866551921
5.321043524599999
24.870125936099996
4.905171291799999
26.8627447236
24.291351120999998
3.9419995611999994
9.3728666097
34.330669174
22.368618473099996
5.272520428299998
11.034465168799995
7.135635406
57.0120717783
15.018040784999995
22.25882547779999
44.066874070800004
15.655944532299998
18.2168982375
27.513806562200006
67.17711524370003
32.80084274100002
19.4893255341
35.8600796239
14.694137889299997
7.007435411899998
9.158172385199999
30.697631582599996
15.466702206499995
19.2778258949
20.341092982499998
34.371530229700014
17.504686429100005
19.573264478099993
27.547201183300004
19.954582332500003
19.67629121980001
10.625324893499998
24.3427810748
73.11479655820001
44.32880494710002
39.22431396780001
19.1582811105
20.631462964400015
25.508251565699993
3.7567944298000016
14.334158067999997
9.743995039100001
12.237335356299996
9.827318916799994
32.5471692982
23.362128315399996
6.0295012545999995
14.117925504799999
26.861429401500008
7.777504721399999
34.9980278758
29.401531436000003
33.0404946331
21.940258038200007
19.909539156100003
6.878724020000002
14.696846236599999
21.913843831100007
2.409859854300002
4.122397096199999
4.766486542999999
30.656524364000006
12.867215731199998
9.477039210100001
25.25829333460001
10.5868823029
24.570541120799998
25.617768130900004
8.088678234300001
8.521377401100002
59.4287576739
7.513782122099999
8.199502165100002
19.164986854899997
77.59450490900001
86.82092182799998
49.792566238
16.595108988600003
9.968494166199996
14.196961074299999
14.425586551200006
56.76740845300001
21.634738911099987
11.4378317958
8.8204790078
46.07501570789998
20.037585985899995
29.490294338500004
4.202611112500002
17.689035602400004
11.172400035700003
2.3104435452
15.919684095700003
71.9553926935
29.6524323369
4.9904542121
19.025650633799994
12.941998726600005
12.8392849627
6.724010960099999
24.366363644400003
8.746358946999997
23.027537119300003
5.661226352799997
20.936461989799998
10.5148023067
15.908224865200001
51.661018333499996
8.237048072400004
2.873256603000001
15.301872927200002
22.840497629399998
4.271132651999999
3.287161200999999
33.86133969700002
7.623840158300001
14.174642099599994
12.7213587879
15.715053250199999
7.889851410899998
32.076336664900005
10.154784854199997
35.93161790119999
9.6439890557
15.194583153500002
0.8241483396999998
17.986267228599996
4.2947425538
4.662378002600001
16.570485777300007
23.1803568427
14.7901517299
19.5454511189
23.272457961799994
6.640851729300001
17.841828099900003
16.5147316333
20.55966168879999
19.153682033200013
26.269667605200002
6.5121652163
16.223197941200002
19.7932860432
9.170573261999998
16.904232078499994
7.746969017399999
18.827039917000008
11.802529744700005
22.503215847199993
11.707579643299999
12.245205013
7.585286390299999
9.632245401499999
36.555232974400006
7.3439919104
110.61731679290003
2.6772507152
19.417408535100005
58.76957212470001
11.064307904599998
8.797104608899998
2.9998932773
84.10052819840001
15.1621634226
4.276870484000001
3.889479809899999
48.20924842820001
27.545397271999995
29.5018891616
28.249815100600003
39.150621194299994
35.825069938199995
16.966482777199996
4.963924785200001
7.208420318399999
2.4461083121
15.143995470000004
18.890893066100002
17.0439465697
4.5394600635
17.6111238427
110.12436369639998
34.8826593864
21.217901212700003
19.9206641252
16.4288035912
26.42695765530002
6.196837175599998
4.359221172
15.2564227162
11.1131524488
29.480599026900006
25.5878657707
5.053902853999999
7.2538583938
28.593427431799995
21.8396927461
36.95391413300001
2.2842823839
27.543827899
3.7795612356999992
4.969648599099999
29.644748648700002
22.300369075200003
20.9759614598
33.418316923899994
6.6832593643000004
28.27563362600001
3.6127148091999994
22.8914862641
39.26847768679999
6.609953769300001
18.1369958787
4.188016704499998
95.02192785189997
20.6802028048
13.701143675499997
18.220309316500003
18.2121185583
10.0371365886
12.333996683600002
21.305722772200003
73.5037035162
18.570731395499998
13.452137167099998
5.526623109799999
16.8886365481
20.3019148817
9.802601110599998
205.84464076900002
13.244525198599998
21.0945485725
5.1080161963
24.536051887799996
12.7267592288
4.369806259899997
6.471090965800001
13.7844422501
4.403274387699999
9.409266747700002
13.096872171500001
19.3579331631
84.43825280030003
8.4695318267
36.3711775378
80.1375145168
8.132286251399998
28.6143535131
8.1068273197
19.7268495818
27.285706422599997
6.699127205400001
15.012986173000002
27.128354364700016
6.6306979018000005
17.569899406299996
22.180982430200004
16.90633688619999
4.814886838899998
62.9553894096
25.4223703415
19.359491643899997
42.11262187219999
20.165333391000004
13.689073289800007
24.3542018518
26.866381569799994
8.3526111565
33.977910505100006
28.143120441899992
11.870086645699999
9.5009832855
11.1914600614
18.9970041238
26.458970485600002
40.39616656670001
14.126327988800002
17.681525851400007
3.374629418300001
9.291204790400002
27.1892495369
15.827644023699998
1.3128460920000007
7.207529126200001
12.6361788918
15.157171274900003
17.952113156999996
18.5995498499
19.09622383829999
21.025771698299998
17.52179200180001
36.9538641336
33.886765924299986
16.1640074614
25.696680982599993
42.327945358699985
10.814590884500001
22.0600744488
27.737907437699995
24.8208994398
3.8162116513000006
14.767566481799998
12.7109305306
24.217391663800004
10.8974386094
18.33982689779998
41.9278400638
95.82644104889997
21.794603506599994
9.5280028498
41.64640178009999
40.51390301620002
12.345170009199999
20.280372420100004
39.6575853353
28.190076262199995
13.744643553900003
10.543636779700003
25.5961950334
9.9072963899
15.037782837199998
8.670065946200001
12.639778872399997
48.53664297599998
11.783795404300003
3.106823893399999
17.721111200700005
10.5212240583
20.6488104438
15.109747744500003
91.5549751776
9.0219871304
13.9672065631
17.426641038699998
28.615510488
60.93841721520001
47.429663920900005
55.3023927203
16.704052345300003
263.6450510028
27.421825764299992
10.0516023752
7.823348476299999
5.243141345500001
15.468412371499996
3.650958634199999
61.93330921660001
4.6621117137
5.3606451146000005
43.424822844299996
3.3610789067
21.045383639800004
10.208210832399997
11.854526680200003
60.7103789675
22.9625322612
42.583362061100004
21.399649196500004
10.134076455100002
3.2190753295000003
26.7617433448
0.40578446069999985
18.837388026299994
12.337115312199995
17.047359624599995
27.6789200707
10.8260657603
28.833794796000006
24.17629219279999
21.048759213000004
19.080030235099997
28.414674188900005
8.580358981900002
8.1455916037
17.7539340523
5.817587561199998
31.603754588300003
30.051770182400006
23.7803345187
2.987098070799999
26.619427282100006
26.559302698000003
9.329230419799998
49.09975520709997
14.184380722800007
12.695731625199999
3.6907223112000005
28.969927808400012
